15
0 13 7 4 57 24 8 3 9 0 78 55 12 5 4
13 0 4 14 6 12 99 8 11 68 1 0 1 40 26
7 4 0 91 14 14 2 85 20 12 13 7 53 8 2
4 14 91 0 9 14 12 90 39 1 7 5 20 11 1
57 6 14 9 0 54 12 11 13 11 90 33 0 3 11
24 12 14 14 54 0 1 4 3 1 59 60 2 14 10
8 99 2 12 12 1 0 7 11 91 1 13 13 63 25
3 8 85 90 11 4 7 0 57 4 6 0 82 10 1
9 11 20 39 13 3 11 57 0 2 0 9 95 11 13
0 68 12 1 11 1 91 4 2 0 12 11 10 80 83
78 1 13 7 90 59 1 6 0 12 0 54 4 0 7
55 0 7 5 33 60 13 0 9 11 54 0 7 9 7
12 1 53 20 0 2 13 82 95 10 4 7 0 10 12
5 40 8 11 3 14 63 10 11 80 0 9 10 0 28
4 26 2 1 11 10 25 1 13 83 7 7 12 28 0

0.00 1.13 2.01 3.36 1.24 1.76 2.16 3.02 2.32 2.54 3.11 3.84 3.40 3.10 3.78
1.13 0.00 1.04 2.32 1.39 0.76 1.07 1.90 2.11 1.77 2.16 2.73 3.09 2.56 2.96
2.01 1.04 0.00 1.37 2.42 1.26 1.12 1.26 2.98 2.26 2.31 2.32 3.83 3.16 3.23
3.36 2.32 1.37 0.00 3.58 2.16 1.75 0.84 3.86 2.80 2.45 1.69 4.45 3.69 3.32
1.24 1.39 2.42 3.58 0.00 1.46 1.93 2.97 1.09 1.68 2.40 3.47 2.17 1.98 2.85
1.76 0.76 1.26 2.16 1.46 0.00 0.47 1.51 1.76 1.07 1.40 2.11 2.57 1.93 2.21
2.16 1.07 1.12 1.75 1.93 0.47 0.00 1.05 2.11 1.17 1.22 1.68 2.79 2.08 2.12
3.02 1.90 1.26 0.84 2.97 1.51 1.05 0.00 3.10 1.99 1.61 1.09 3.63 2.86 2.49
2.32 2.11 2.98 3.86 1.09 1.76 2.11 3.10 0.00 1.23 1.96 3.24 1.08 1.01 2.06
2.54 1.77 2.26 2.80 1.68 1.07 1.17 1.99 1.23 0.00 0.76 2.01 1.65 0.92 1.24
3.11 2.16 2.31 2.45 2.40 1.40 1.22 1.61 1.96 0.76 0.00 1.32 2.14 1.35 0.93
3.84 2.73 2.32 1.69 3.47 2.11 1.68 1.09 3.24 2.01 1.32 0.00 3.44 2.66 1.90
3.40 3.09 3.83 4.45 2.17 2.57 2.79 3.63 1.08 1.65 2.14 3.44 0.00 0.79 1.74
3.10 2.56 3.16 3.69 1.98 1.93 2.08 2.86 1.01 0.92 1.35 2.66 0.79 0.00 1.10
3.78 2.96 3.23 3.32 2.85 2.21 2.12 2.49 2.06 1.24 0.93 1.90 1.74 1.10 0.00
