40
0 0 0 8 12 4 2 14 10 10 9 1 11 6 12 11 36 8 4 5 11 11 11 14 7 5 14 2 1 10 61 2 39 0 8 6 11 4 63 2
0 0 6 3 9 13 6 12 83 4 9 13 82 9 14 1 7 0 12 1 13 10 4 4 0 12 11 9 3 13 13 5 2 6 14 8 95 9 13 81
0 6 0 4 1 8 0 9 4 21 11 8 3 5 0 4 5 11 8 8 1 0 6 4 3 8 5 13 7 20 13 3 2 12 81 12 9 75 12 4
8 3 4 0 6 14 58 8 2 5 14 4 8 5 24 94 10 9 13 2 7 6 1 5 6 45 12 5 1 2 13 10 5 2 6 1 10 13 8 10
12 9 1 6 0 5 4 2 2 11 6 6 14 14 2 10 2 10 87 97 4 8 4 1 7 12 13 9 86 2 0 10 12 84 1 1 2 1 7 8
4 13 8 14 5 0 0 96 2 13 9 7 2 9 12 9 1 1 13 9 6 33 2 55 1 2 1 2 10 10 14 4 6 0 9 38 13 2 4 12
2 6 0 58 4 0 0 4 7 9 7 14 12 10 75 68 1 12 6 7 4 9 6 1 0 59 5 4 2 5 5 13 14 14 7 14 3 10 6 2
14 12 9 8 2 96 4 0 2 1 10 10 10 3 2 11 5 11 4 7 3 95 6 26 13 8 14 6 4 4 6 2 1 3 12 42 5 6 5 6
10 83 4 2 2 2 7 2 0 7 6 1 77 6 10 1 4 8 8 10 3 0 14 11 4 5 13 14 6 8 10 4 13 14 7 7 92 5 7 39
10 4 21 5 11 13 9 1 7 0 11 0 4 10 4 3 4 2 2 0 7 13 6 9 5 7 5 1 3 90 13 12 0 9 75 2 14 52 4 0
9 9 11 14 6 9 7 10 6 11 0 3 13 6 0 8 14 6 10 3 3 11 77 14 59 3 6 80 3 2 1 56 2 8 0 4 3 9 12 11
1 13 8 4 6 7 14 10 1 0 3 0 11 51 9 5 14 86 2 8 40 9 0 10 2 7 93 5 10 2 7 10 13 3 2 7 7 5 8 2
11 82 3 8 14 2 12 10 77 4 13 11 0 8 8 10 14 4 6 2 8 11 8 14 4 11 2 10 4 4 12 8 6 0 12 5 89 5 9 73
6 9 5 5 14 9 10 3 6 10 6 51 8 0 2 5 4 69 10 1 52 12 10 6 2 14 95 5 14 13 10 5 10 7 4 5 1 14 10 4
12 14 0 24 2 12 75 2 10 4 0 9 8 2 0 64 9 8 0 12 0 7 7 4 13 80 6 2 9 0 1 8 4 8 12 14 6 2 11 3
11 1 4 94 10 9 68 11 1 3 8 5 10 5 64 0 13 3 10 6 7 11 4 7 8 24 8 7 9 12 10 0 9 6 6 4 5 7 4 9
36 7 5 10 2 1 1 5 4 4 14 14 14 4 9 13 0 1 12 3 5 3 0 7 14 8 11 9 9 2 96 2 49 1 9 1 12 13 98 4
8 0 11 9 10 1 12 11 8 2 6 86 4 69 8 3 1 0 12 13 91 6 12 0 6 6 41 12 6 6 6 10 11 1 12 5 6 3 12 0
4 12 8 13 87 13 6 4 8 2 10 2 6 10 0 10 12 12 0 71 13 2 6 9 3 9 9 11 69 3 2 8 14 42 13 5 8 2 4 9
5 1 8 2 97 9 7 7 10 0 3 8 2 1 12 6 3 13 71 0 11 9 6 10 5 1 2 7 89 0 11 14 7 79 1 10 12 9 14 14
11 13 1 7 4 6 4 3 3 7 3 40 8 52 0 7 5 91 13 11 0 4 4 14 9 8 53 1 9 10 12 2 8 6 14 11 12 14 4 0
11 10 0 6 8 33 9 95 0 13 11 9 11 12 7 11 3 6 2 9 4 0 2 40 4 13 3 5 8 13 4 3 2 4 1 31 10 0 3 0
11 4 6 1 4 2 6 6 14 6 77 0 8 10 7 4 0 12 6 6 4 2 0 10 39 2 8 63 5 9 7 92 13 10 14 13 1 7 4 0
14 4 4 5 1 55 1 26 11 9 14 10 14 6 4 7 7 0 9 10 14 40 10 0 6 14 12 7 6 8 10 8 2 12 13 44 13 5 12 14
7 0 3 6 7 1 0 13 4 5 59 2 4 2 13 8 14 6 3 5 9 4 39 6 0 2 7 91 2 3 7 28 12 3 13 11 7 10 6 2
5 12 8 45 12 2 59 8 5 7 3 7 11 14 80 24 8 6 9 1 8 13 2 14 2 0 4 9 11 4 10 4 2 9 7 4 12 1 1 8
14 11 5 12 13 1 5 14 13 5 6 93 2 95 6 8 11 41 9 2 53 3 8 12 7 4 0 5 5 9 13 6 6 0 4 13 1 11 4 5
2 9 13 5 9 2 4 6 14 1 80 5 10 5 2 7 9 12 11 7 1 5 63 7 91 9 5 0 9 7 11 75 1 6 8 14 10 7 2 2
1 3 7 1 86 10 2 4 6 3 3 10 4 14 9 9 9 6 69 89 9 8 5 6 2 11 5 9 0 0 3 14 10 34 0 0 11 13 11 0
10 13 20 2 2 10 5 4 8 90 2 2 4 13 0 12 2 6 3 0 10 13 9 8 3 4 9 7 0 0 10 14 12 3 89 14 11 94 4 4
61 13 13 13 0 14 5 6 10 13 1 7 12 10 1 10 96 6 2 11 12 4 7 10 7 10 13 11 3 10 0 12 21 14 6 13 3 9 95 6
2 5 3 10 10 4 13 2 4 12 56 10 8 5 8 0 2 10 8 14 2 3 92 8 28 4 6 75 14 14 12 0 8 4 3 1 4 11 5 9
39 2 2 5 12 6 14 1 13 0 2 13 6 10 4 9 49 11 14 7 8 2 13 2 12 2 6 1 10 12 21 8 0 7 6 1 12 0 92 13
0 6 12 2 84 0 14 3 14 9 8 3 0 7 8 6 1 1 42 79 6 4 10 12 3 9 0 6 34 3 14 4 7 0 3 3 1 13 14 8
8 14 81 6 1 9 7 12 7 75 0 2 12 4 12 6 9 12 13 1 14 1 14 13 13 7 4 8 0 89 6 3 6 3 0 12 9 50 9 7
6 8 12 1 1 38 14 42 7 2 4 7 5 5 14 4 1 5 5 10 11 31 13 44 11 4 13 14 0 14 13 1 1 3 12 0 0 14 5 10
11 95 9 10 2 13 3 5 92 14 3 7 89 1 6 5 12 6 8 12 12 10 1 13 7 12 1 10 11 11 3 4 12 1 9 0 0 7 1 66
4 9 75 13 1 2 10 6 5 52 9 5 5 14 2 7 13 3 2 9 14 0 7 5 10 1 11 7 13 94 9 11 0 13 50 14 7 0 5 2
63 13 12 8 7 4 6 5 7 4 12 8 9 10 11 4 98 12 4 14 4 3 4 12 6 1 4 2 11 4 95 5 92 14 9 5 1 5 0 5
2 81 4 10 8 12 2 6 39 0 11 2 73 4 3 9 4 0 9 14 0 0 0 14 2 8 5 2 0 4 6 9 13 8 7 10 66 2 5 0

0.00 1.22 2.45 2.97 3.98 4.86 6.05 0.71 1.10 2.25 3.54 4.32 4.99 6.11 1.66 1.71 2.81 3.76 4.28 5.50 6.32 2.76 2.85 3.64 4.29 5.14 5.79 7.10 3.68 4.10 4.36 5.26 5.49 6.37 7.13 4.61 4.84 5.18 5.90 6.38
1.22 0.00 1.30 1.79 2.77 3.66 4.84 1.26 0.76 1.24 2.36 3.13 3.79 4.89 2.08 1.48 2.08 2.73 3.15 4.32 5.14 2.92 2.68 2.99 3.38 4.17 4.71 5.99 3.70 3.92 3.88 4.51 4.63 5.41 6.09 4.68 4.58 4.82 5.31 5.56
2.45 1.30 0.00 0.54 1.61 2.42 3.62 2.56 1.96 1.52 1.71 2.30 2.88 3.85 3.30 2.51 2.50 2.46 2.58 3.47 4.24 3.97 3.54 3.35 3.28 3.90 4.15 5.31 4.60 4.65 4.33 4.57 4.51 5.09 5.56 5.56 5.21 5.33 5.55 5.46
2.97 1.79 0.54 0.00 1.08 1.89 3.09 3.03 2.39 1.70 1.41 1.86 2.40 3.33 3.69 2.84 2.59 2.27 2.25 3.01 3.75 4.26 3.76 3.37 3.11 3.64 3.77 4.88 4.81 4.79 4.36 4.43 4.29 4.79 5.17 5.75 5.29 5.36 5.46 5.24
3.98 2.77 1.61 1.08 0.00 0.92 2.07 3.94 3.26 2.28 1.20 1.11 1.44 2.26 4.47 3.54 2.93 2.09 1.72 2.07 2.75 4.85 4.23 3.49 2.87 3.16 3.02 3.98 5.23 5.07 4.43 4.17 3.88 4.17 4.37 6.11 5.44 5.40 5.26 4.78
4.86 3.66 2.42 1.89 0.92 0.00 1.20 4.85 4.17 3.19 2.00 1.56 1.47 1.75 5.39 4.46 3.79 2.80 2.24 2.01 2.45 5.75 5.10 4.26 3.49 3.57 3.15 3.84 6.09 5.88 5.16 4.70 4.32 4.39 4.37 6.93 6.19 6.10 5.81 5.13
6.05 4.84 3.62 3.09 2.07 1.20 0.00 6.01 5.32 4.28 2.96 2.30 1.84 1.21 6.50 5.55 4.74 3.59 2.90 2.06 2.06 6.76 6.07 5.07 4.12 3.95 3.23 3.49 7.00 6.70 5.87 5.16 4.67 4.47 4.15 7.78 6.91 6.74 6.26 5.34
0.71 1.26 2.56 3.03 3.94 4.85 6.01 0.00 0.71 1.91 3.29 4.10 4.77 5.93 0.99 1.06 2.25 3.35 3.95 5.23 6.05 2.06 2.14 3.02 3.79 4.65 5.39 6.71 2.97 3.39 3.69 4.66 4.94 5.85 6.68 3.91 4.13 4.48 5.24 5.79
1.10 0.76 1.96 2.39 3.26 4.17 5.32 0.71 0.00 1.21 2.58 3.39 4.07 5.22 1.34 0.78 1.71 2.69 3.26 4.52 5.35 2.18 2.00 2.57 3.19 4.04 4.73 6.04 2.98 3.26 3.36 4.18 4.39 5.27 6.04 3.96 3.96 4.25 4.86 5.28
2.25 1.24 1.52 1.70 2.28 3.19 4.28 1.91 1.21 0.00 1.41 2.21 2.88 4.06 2.22 1.27 0.99 1.52 2.05 3.32 4.14 2.60 2.06 1.88 2.14 2.94 3.54 4.85 3.12 3.13 2.85 3.31 3.40 4.18 4.89 4.06 3.69 3.83 4.17 4.33
3.54 2.36 1.71 1.41 1.20 2.00 2.96 3.29 2.58 1.41 0.00 0.80 1.48 2.65 3.61 2.64 1.80 0.93 0.87 1.96 2.78 3.80 3.12 2.30 1.75 2.23 2.45 3.67 4.09 3.89 3.24 3.08 2.89 3.39 3.86 4.94 4.25 4.21 4.14 3.83
4.32 3.13 2.30 1.86 1.11 1.56 2.30 4.10 3.39 2.21 0.80 0.00 0.68 1.85 4.39 3.42 2.48 1.29 0.68 1.20 2.00 4.51 3.79 2.78 1.92 2.07 1.94 3.02 4.70 4.41 3.63 3.15 2.81 3.06 3.32 5.48 4.66 4.54 4.26 3.68
4.99 3.79 2.88 2.40 1.44 1.47 1.84 4.77 4.07 2.88 1.48 0.68 0.00 1.19 5.06 4.09 3.09 1.83 1.10 0.63 1.37 5.12 4.39 3.28 2.28 2.16 1.68 2.54 5.25 4.90 4.05 3.35 2.90 2.92 2.96 5.98 5.08 4.90 4.46 3.68
6.11 4.89 3.85 3.33 2.26 1.75 1.21 5.93 5.22 4.06 2.65 1.85 1.19 0.00 6.24 5.27 4.27 2.99 2.24 1.04 0.85 6.30 5.56 4.39 3.31 2.96 2.10 2.28 6.38 5.99 5.07 4.18 3.63 3.31 2.94 7.07 6.09 5.85 5.24 4.22
1.66 2.08 3.30 3.69 4.47 5.39 6.50 0.99 1.34 2.22 3.61 4.39 5.06 6.24 0.00 0.97 2.12 3.40 4.09 5.42 6.23 1.12 1.44 2.63 3.62 4.49 5.36 6.68 2.06 2.57 3.08 4.24 4.63 5.62 6.54 2.96 3.33 3.74 4.64 5.39
1.71 1.48 2.51 2.84 3.54 4.46 5.55 1.06 0.78 1.27 2.64 3.42 4.09 5.27 0.97 0.00 1.24 2.47 3.14 4.46 5.28 1.47 1.22 1.96 2.78 3.65 4.47 5.79 2.21 2.49 2.65 3.60 3.90 4.84 5.70 3.19 3.19 3.50 4.19 4.74
2.81 2.08 2.50 2.59 2.93 3.79 4.74 2.25 1.71 0.99 1.80 2.48 3.09 4.27 2.12 1.24 0.00 1.32 2.05 3.37 4.16 2.03 1.32 0.92 1.54 2.41 3.25 4.57 2.31 2.20 1.86 2.47 2.69 3.60 4.46 3.19 2.71 2.84 3.24 3.57
3.76 2.73 2.46 2.27 2.09 2.80 3.59 3.35 2.69 1.52 0.93 1.29 1.83 2.99 3.40 2.47 1.32 0.00 0.74 2.06 2.85 3.32 2.57 1.49 0.84 1.47 2.04 3.36 3.43 3.12 2.36 2.16 2.05 2.70 3.37 4.19 3.39 3.31 3.21 3.00
4.28 3.15 2.58 2.25 1.72 2.24 2.90 3.95 3.26 2.05 0.87 0.68 1.10 2.24 4.09 3.14 2.05 0.74 0.00 1.33 2.14 4.06 3.31 2.18 1.25 1.44 1.58 2.83 4.16 3.81 2.98 2.47 2.16 2.54 2.99 4.89 4.02 3.88 3.58 3.07
5.50 4.32 3.47 3.01 2.07 2.01 2.06 5.23 4.52 3.32 1.96 1.20 0.63 1.04 5.42 4.46 3.37 2.06 1.33 0.00 0.83 5.37 4.61 3.39 2.29 1.93 1.19 1.91 5.39 4.97 4.04 3.15 2.62 2.45 2.37 6.05 5.05 4.82 4.23 3.29
6.32 5.14 4.24 3.75 2.75 2.45 2.06 6.05 5.35 4.14 2.78 2.00 1.37 0.85 6.23 5.28 4.16 2.85 2.14 0.83 0.00 6.14 5.37 4.10 2.95 2.42 1.42 1.44 6.10 5.63 4.65 3.60 3.00 2.54 2.09 6.69 5.64 5.34 4.61 3.48
2.76 2.92 3.97 4.26 4.85 5.75 6.76 2.06 2.18 2.60 3.80 4.51 5.12 6.30 1.12 1.47 2.03 3.32 4.06 5.37 6.14 0.00 0.77 2.13 3.27 4.08 5.06 6.34 0.94 1.52 2.24 3.56 4.05 5.07 6.08 1.85 2.28 2.73 3.75 4.69
2.85 2.68 3.54 3.76 4.23 5.10 6.07 2.14 2.00 2.06 3.12 3.79 4.39 5.56 1.44 1.22 1.32 2.57 3.31 4.61 5.37 0.77 0.00 1.37 2.50 3.31 4.29 5.57 1.06 1.26 1.64 2.86 3.32 4.34 5.33 2.03 1.99 2.34 3.20 4.01
3.64 2.99 3.35 3.37 3.49 4.26 5.07 3.02 2.57 1.88 2.30 2.78 3.28 4.39 2.63 1.96 0.92 1.49 2.18 3.39 4.10 2.13 1.37 0.00 1.16 1.95 2.94 4.21 2.00 1.63 0.99 1.64 2.00 2.99 3.96 2.71 1.96 1.99 2.32 2.79
4.29 3.38 3.28 3.11 2.87 3.49 4.12 3.79 3.19 2.14 1.75 1.92 2.28 3.31 3.62 2.78 1.54 0.84 1.25 2.29 2.95 3.27 2.50 1.16 0.00 0.87 1.79 3.09 3.14 2.69 1.77 1.33 1.26 2.07 2.92 3.76 2.80 2.63 2.39 2.21
5.14 4.17 3.90 3.64 3.16 3.57 3.95 4.65 4.04 2.94 2.23 2.07 2.16 2.96 4.49 3.65 2.41 1.47 1.44 1.93 2.42 4.08 3.31 1.95 0.87 0.00 1.06 2.27 3.84 3.29 2.27 1.22 0.75 1.24 2.05 4.33 3.23 2.93 2.31 1.62
5.79 4.71 4.15 3.77 3.02 3.15 3.23 5.39 4.73 3.54 2.45 1.94 1.68 2.10 5.36 4.47 3.25 2.04 1.58 1.19 1.42 5.06 4.29 2.94 1.79 1.06 0.00 1.33 4.88 4.35 3.33 2.19 1.58 1.26 1.41 5.39 4.28 3.95 3.18 2.12
7.10 5.99 5.31 4.88 3.98 3.84 3.49 6.71 6.04 4.85 3.67 3.02 2.54 2.28 6.68 5.79 4.57 3.36 2.83 1.91 1.44 6.34 5.57 4.21 3.09 2.27 1.33 0.00 6.09 5.51 4.47 3.16 2.53 1.65 0.76 6.50 5.32 4.92 3.94 2.60
3.68 3.70 4.60 4.81 5.23 6.09 7.00 2.97 2.98 3.12 4.09 4.70 5.25 6.38 2.06 2.21 2.31 3.43 4.16 5.39 6.10 0.94 1.06 2.00 3.14 3.84 4.88 6.09 0.00 0.71 1.68 3.07 3.64 4.67 5.73 0.98 1.40 1.90 3.02 4.13
4.10 3.92 4.65 4.79 5.07 5.88 6.70 3.39 3.26 3.13 3.89 4.41 4.90 5.99 2.57 2.49 2.20 3.12 3.81 4.97 5.63 1.52 1.26 1.63 2.69 3.29 4.35 5.51 0.71 0.00 1.04 2.42 3.02 4.03 5.10 1.08 0.76 1.22 2.31 3.45
4.36 3.88 4.33 4.36 4.43 5.16 5.87 3.69 3.36 2.85 3.24 3.63 4.05 5.07 3.08 2.65 1.86 2.36 2.98 4.04 4.65 2.24 1.64 0.99 1.77 2.27 3.33 4.47 1.68 1.04 0.00 1.39 1.97 2.99 4.06 2.05 1.04 1.00 1.56 2.47
5.26 4.51 4.57 4.43 4.17 4.70 5.16 4.66 4.18 3.31 3.08 3.15 3.35 4.18 4.24 3.60 2.47 2.16 2.47 3.15 3.60 3.56 2.86 1.64 1.33 1.22 2.19 3.16 3.07 2.42 1.39 0.00 0.64 1.61 2.69 3.35 2.15 1.77 1.11 1.15
5.49 4.63 4.51 4.29 3.88 4.32 4.67 4.94 4.39 3.40 2.89 2.81 2.90 3.63 4.63 3.90 2.69 2.05 2.16 2.62 3.00 4.05 3.32 2.00 1.26 0.75 1.58 2.53 3.64 3.02 1.97 0.64 0.00 1.03 2.09 3.98 2.79 2.41 1.61 0.95
6.37 5.41 5.09 4.79 4.17 4.39 4.47 5.85 5.27 4.18 3.39 3.06 2.92 3.31 5.62 4.84 3.60 2.70 2.54 2.45 2.54 5.07 4.34 2.99 2.07 1.24 1.26 1.65 4.67 4.03 2.99 1.61 1.03 0.00 1.09 4.95 3.74 3.31 2.29 0.97
7.13 6.09 5.56 5.17 4.37 4.37 4.15 6.68 6.04 4.89 3.86 3.32 2.96 2.94 6.54 5.70 4.46 3.37 2.99 2.37 2.09 6.08 5.33 3.96 2.92 2.05 1.41 0.76 5.73 5.10 4.06 2.69 2.09 1.09 0.00 6.04 4.83 4.39 3.33 1.95
4.61 4.68 5.56 5.75 6.11 6.93 7.78 3.91 3.96 4.06 4.94 5.48 5.98 7.07 2.96 3.19 3.19 4.19 4.89 6.05 6.69 1.85 2.03 2.71 3.76 4.33 5.39 6.50 0.98 1.08 2.05 3.35 3.98 4.95 6.04 0.00 1.24 1.74 2.96 4.26
4.84 4.58 5.21 5.29 5.44 6.19 6.91 4.13 3.96 3.69 4.25 4.66 5.08 6.09 3.33 3.19 2.71 3.39 4.02 5.05 5.64 2.28 1.99 1.96 2.80 3.23 4.28 5.32 1.40 0.76 1.04 2.15 2.79 3.74 4.83 1.24 0.00 0.53 1.74 3.02
5.18 4.82 5.33 5.36 5.40 6.10 6.74 4.48 4.25 3.83 4.21 4.54 4.90 5.85 3.74 3.50 2.84 3.31 3.88 4.82 5.34 2.73 2.34 1.99 2.63 2.93 3.95 4.92 1.90 1.22 1.00 1.77 2.41 3.31 4.39 1.74 0.53 0.00 1.21 2.54
5.90 5.31 5.55 5.46 5.26 5.81 6.26 5.24 4.86 4.17 4.14 4.26 4.46 5.24 4.64 4.19 3.24 3.21 3.58 4.23 4.61 3.75 3.20 2.32 2.39 2.31 3.18 3.94 3.02 2.31 1.56 1.11 1.61 2.29 3.33 2.96 1.74 1.21 0.00 1.40
6.38 5.56 5.46 5.24 4.78 5.13 5.34 5.79 5.28 4.33 3.83 3.68 3.68 4.22 5.39 4.74 3.57 3.00 3.07 3.29 3.48 4.69 4.01 2.79 2.21 1.62 2.12 2.60 4.13 3.45 2.47 1.15 0.95 0.97 1.95 4.26 3.02 2.54 1.40 0.00
