25
0 49 19 61 61 72 18 39 44 58 43 20 48 37 29 21 86 60 62 53 89 55 74 43 32
49 0 33 71 85 65 40 45 59 26 67 39 45 31 45 67 39 62 79 50 62 52 37 45 64
19 33 0 53 22 62 36 54 9 66 66 37 34 33 88 45 19 47 80 78 61 41 19 9 52
61 71 53 0 58 42 59 50 16 65 41 32 54 71 26 52 33 47 12 69 25 25 33 47 35
61 85 22 58 0 25 40 48 63 55 35 47 17 49 52 84 61 59 29 67 43 72 32 91 68
72 65 62 42 25 0 46 44 34 54 60 7 76 38 75 66 67 69 22 49 52 72 55 80 36
18 40 36 59 40 46 0 64 37 53 42 34 38 26 81 88 64 22 64 29 64 64 82 57 44
39 45 54 50 48 44 64 0 84 56 52 54 49 47 69 59 35 65 66 37 64 51 52 29 46
44 59 9 16 63 34 37 84 0 61 59 66 11 65 69 57 77 72 10 23 35 65 46 67 6
58 26 66 65 55 54 53 56 61 0 35 83 54 76 74 81 96 16 68 74 17 60 80 93 59
43 67 66 41 35 60 42 52 59 35 0 39 67 23 80 76 72 80 71 27 60 72 49 71 14
20 39 37 32 47 7 34 54 66 83 39 0 6 70 42 65 50 70 16 26 80 22 85 25 36
48 45 34 54 17 76 38 49 11 54 67 6 0 75 46 56 65 68 20 66 78 68 30 25 34
37 31 33 71 49 38 26 47 65 76 23 70 75 0 47 51 43 43 24 27 66 65 31 39 55
29 45 88 26 52 75 81 69 69 74 80 42 46 47 0 67 40 31 45 64 36 60 73 35 49
21 67 45 52 84 66 88 59 57 81 76 65 56 51 67 0 28 41 23 88 45 38 64 50 61
86 39 19 33 61 67 64 35 77 96 72 50 65 43 40 28 0 59 13 64 24 48 45 62 57
60 62 47 47 59 69 22 65 72 16 80 70 68 43 31 41 59 0 36 69 33 10 32 68 67
62 79 80 12 29 22 64 66 10 68 71 16 20 24 45 23 13 36 0 30 43 25 22 40 6
53 50 78 69 67 49 29 37 23 74 27 26 66 27 64 88 64 69 30 0 55 77 71 51 41
89 62 61 25 43 52 64 64 35 17 60 80 78 66 36 45 24 33 43 55 0 39 88 90 32
55 52 41 25 72 72 64 51 65 60 72 22 68 65 60 38 48 10 25 77 39 0 38 40 27
74 37 19 33 32 55 82 52 46 80 49 85 30 31 73 64 45 32 22 71 88 38 0 42 42
43 45 9 47 91 80 57 29 67 93 71 25 25 39 35 50 62 68 40 51 90 40 42 0 30
32 64 52 35 68 36 44 46 6 59 14 36 34 55 49 61 57 67 6 41 32 27 42 30 0

0 85 64 31 22 83 28 59 56 38 62 41 85 14 28 91 55 48 71 10 60 68 58 56 26
85 0 54 10 53 54 49 29 50 36 81 57 41 54 30 58 18 69 15 45 36 45 50 91 48
64 54 0 53 44 62 64 67 41 40 45 74 60 54 35 86 38 74 55 59 37 81 73 47 73
31 10 53 0 24 68 74 63 54 47 60 19 58 77 85 27 16 43 66 31 62 39 53 51 16
22 53 44 24 0 83 66 54 44 45 44 38 40 45 43 27 23 37 11 54 62 51 64 18 74
83 54 62 68 83 0 63 71 77 34 38 83 66 47 30 64 62 51 89 58 45 54 47 47 80
28 49 64 74 66 63 0 44 90 5 57 90 52 41 71 12 41 34 77 48 51 57 70 58 46
59 29 67 63 54 71 44 0 31 50 40 20 61 42 44 51 72 80 56 80 49 19 84 59 53
56 50 41 54 44 77 90 31 0 52 56 44 23 66 35 28 22 10 58 53 62 71 55 24 56
38 36 40 47 45 34 5 50 52 0 22 64 44 22 49 72 50 35 12 34 68 53 27 68 47
62 81 45 60 44 38 57 40 56 22 0 52 3 66 70 47 54 48 75 50 37 85 46 49 22
41 57 74 19 38 83 90 20 44 64 52 0 21 39 57 87 11 39 49 56 39 22 98 75 35
85 41 60 58 40 66 52 61 23 44 3 21 0 71 18 39 52 39 48 52 7 4 60 54 54
14 54 54 77 45 47 41 42 66 22 66 39 71 0 46 58 50 38 49 59 81 42 55 51 24
28 30 35 85 43 30 71 44 35 49 70 57 18 46 0 29 57 47 50 70 59 81 51 72 59
91 58 86 27 27 64 12 51 28 72 47 87 39 58 29 0 49 35 79 68 58 28 81 45 76
55 18 38 16 23 62 41 72 22 50 54 11 52 50 57 49 0 55 8 33 38 61 43 11 31
48 69 74 43 37 51 34 80 10 35 48 39 39 38 47 35 55 0 61 36 39 36 59 44 46
71 15 55 66 11 89 77 56 58 12 75 49 48 49 50 79 8 61 0 60 72 65 25 62 34
10 45 59 31 54 58 48 80 53 34 50 56 52 59 70 68 33 36 60 0 46 79 36 15 78
60 36 37 62 62 45 51 49 62 68 37 39 7 81 59 58 38 39 72 46 0 49 36 73 67
68 45 81 39 51 54 57 19 71 53 85 22 4 42 81 28 61 36 65 79 49 0 52 38 54
58 50 73 53 64 47 70 84 55 27 46 98 60 55 51 81 43 59 25 36 36 52 0 80 66
56 91 47 51 18 47 58 59 24 68 49 75 54 51 72 45 11 44 62 15 73 38 80 0 68
26 48 73 16 74 80 46 53 56 47 22 35 54 24 59 76 31 46 34 78 67 54 66 68 0
